401869187
401869188
401869189
401869190
401869191
401869192
401869193
401869194
401869368
401869369
401869370
401869373
401869375
401869377
401869378
401869380
401869381
401869382
401869384
401869385
401869386
401869387
401869389
401869391
401869392
401869393
401869395
401869396
401869397
401869398
401869399
401869400
401869401
401869402
401869404
401869405
401869406
401869407
401869408
401869409
401869410
401869411
401869412
401869414
401869415
401869416
401869417
401869418
401871152
401871153
401871154
401871155
401871159
401871160
401871161
401871162
401871326
401871327
401871328
401871329
401871333
401871334
401871335
401871336
